%YAML:1.0
# M1 and M2: camera matrices for the left and right camera.
#     |fx  0 cx|
# M1 =|0  fy cy|
#     |0   0  1|
# where fx and fy are the lenses’ focal lengths in horizontal and vertical direction (measured in pixels), and cx and cy are the image coordinates of the projection center.
# D1 and D2: distortion coefficients for the left and right camera.
# D1 = [k1 k2 p1 p2 k3]
# where k1, k2 and k3 are radial distortion coefficients, and p1 and p2 are tangential distortion coefficients.
# R1 and R2: rotation matrices for the rotations between the original and rectified camera images.
# P1 and P2: projection matrices in the new (rectified) coordinate systems.
# Q: the disparity-to-depth mapping matrix.
# T: translation vector between the coordinate systems of both cameras.
# R: rotation matrix between the coordinate systems of the left and right camera.
---
M1: [ 6.5446097578519868e+02, 0., 4.0838789584433096e+02, 0.,
    6.5406762994100598e+02, 2.9848072034310803e+02, 0., 0., 1. ]
D1: [ -6.5815841014726942e-02, 1.0923061909816000e-01,
    3.1579177506356319e-04, 9.8548771229215099e-04,
    -4.7917064148919955e-02 ]
M2: [ 6.5145293115691925e+02, 0., 3.8972065266498765e+02, 0.,
    6.5082923730518962e+02, 2.9326812924773066e+02, 0., 0., 1. ]
D2: [ -5.3196445337586620e-02, 4.1221233092849446e-02,
    3.7832937308889111e-04, 2.4934560104091078e-03,
    3.0300821225274058e-02 ]
R1: [ 9.9999925375956933e-01, -1.2212287491046930e-03,
    -3.2873192220899390e-05, 1.2211933552632847e-03,
    9.9999869678944830e-01, -1.0559858872126445e-03,
    3.4162749704327199e-05, 1.0559449546693562e-03,
    9.9999944190642387e-01 ]
R2: [ 9.9997379762183980e-01, 8.3715602194671607e-04,
    7.1904964745447509e-03, -8.4474852199112490e-04,
    9.9999908886305833e-01, 1.0529354147862592e-03,
    -7.1896084517945689e-03, -1.0589819866436154e-03,
    9.9997359369508443e-01 ]
P1: [ 6.4520563312293916e+02, 0., 3.9747498321533203e+02, 0., 0.,
    6.4520563312293916e+02, 2.9611025238037109e+02, 0., 0., 0., 1., 0. ]
P2: [ 6.4520563312293916e+02, 0., 3.9747498321533203e+02,
    -1.6125371416485538e+02, 0., 6.4520563312293916e+02,
    2.9611025238037109e+02, 0., 0., 0., 1., 0. ]
Q: [ 1., 0., 0., -3.9747498321533203e+02, 0., 1., 0.,
    -2.9611025238037109e+02, 0., 0., 0., 6.4520563312293916e+02, 0., 0.,
    4.0011830826006447e+00, 0. ]
T: [ -2.4991953054342320e-01, -2.0922712224442989e-04,
    -1.7970925913971287e-03 ]
R: [ 9.9997177418288619e-01, -2.0735360018986067e-03,
    -7.2215847277191563e-03, 2.0583114620939757e-03,
    9.9999564506800664e-01, -2.1149938407033458e-03,
    7.2259387940812768e-03, 2.1000698726544482e-03,
    9.9997168735673414e-01 ]
size: [ 800, 592 ]
reprojectionError: 1.2728329403791436e-01
